      1.0000000000000000e+00 
      1.0000000000000000e+00 
      5.0000000000000000e-01 
      1.0000000000000000e+00 
      1.6666666666666666e-01 
      4.1666666666666664e-02 
      1.0000000000000000e+00 
      8.3333333333333329e-02 
      8.3333333333333332e-03 
      1.3888888888888889e-03 
      1.0000000000000000e+00 
      5.0000000000000003e-02 
      2.7777777777777779e-03 
      1.9841269841269841e-04 
      2.4801587301587302e-05 
      1.0000000000000000e+00 
      3.3333333333333333e-02 
      1.1904761904761906e-03 
      4.9603174603174603e-05 
      2.7557319223985893e-06 
      2.7557319223985888e-07 
      1.0000000000000000e+00 
      2.3809523809523808e-02 
      5.9523809523809529e-04 
      1.6534391534391536e-05 
      5.5114638447971777e-07 
      2.5052108385441720e-08 
      2.0876756987868100e-09 
      1.0000000000000000e+00 
      1.7857142857142856e-02 
      3.3068783068783067e-04 
      6.6137566137566140e-06 
      1.5031265031265032e-07 
      4.1753513975736200e-09 
      1.6059043836821613e-10 
      1.1470745597729725e-11 
      1.0000000000000000e+00 
      1.3888888888888888e-02 
      1.9841269841269841e-04 
      3.0062530062530061e-06 
      5.0104216770883440e-08 
      9.6354263020929685e-10 
      2.2941491195459449e-11 
      7.6471637318198164e-13 
      4.7794773323873853e-14 
      1.0000000000000000e+00 
      1.1111111111111112e-02 
      1.2626262626262626e-04 
      1.5031265031265031e-06 
      1.9270852604185938e-08 
      2.7529789434551340e-10 
      4.5882982390918896e-12 
      9.5589546647747705e-14 
      2.8114572543455206e-15 
      1.5619206968586225e-16 
      1.0000000000000000e+00 
      9.0909090909090905e-03 
      8.4175084175084180e-05 
      8.0937580937580941e-07 
      8.2589368303654010e-09 
      9.1765964781837796e-11 
      1.1470745597729724e-12 
      1.6868743526073125e-14 
      3.1238413937172451e-16 
      8.2206352466243295e-18 
      4.1103176233121648e-19 
      1.0000000000000000e+00 
      7.5757575757575760e-03 
      5.8275058275058275e-05 
      4.6250046250046248e-07 
      3.8541705208371874e-09 
      3.4412236793189175e-11 
      3.3737487052146250e-13 
      3.7486096724606947e-15 
      4.9323811479745980e-17 
      8.2206352466243297e-19 
      1.9572941063391263e-20 
      8.8967913924505741e-22 
      1.0000000000000000e+00 
      6.4102564102564100e-03 
      4.1625041625041625e-05 
      2.7750027750027750e-07 
      1.9270852604185937e-09 
      1.4169744561901425e-11 
      1.1245829017382083e-13 
      9.8647622959491963e-16 
      9.8647622959491960e-18 
      1.1743764638034756e-19 
      1.7793582784901148e-21 
      3.8681701706306835e-23 
      1.6117375710961184e-24 
      1.0000000000000000e+00 
      5.4945054945054949e-03 
      3.0525030525030525e-05 
      1.7343767343767344e-07 
      1.0202216084569026e-09 
      6.2976642497339662e-12 
      4.1432001642986620e-14 
      2.9594286887847587e-16 
      2.3487529276069512e-18 
      2.1352299341881376e-20 
      2.3209021023784102e-22 
      3.2234751421922368e-24 
      6.4469502843844736e-26 
      2.4795962632247972e-27 
      1.0000000000000000e+00 
      4.7619047619047623e-03 
      2.2893772893772894e-05 
      1.1222437693025928e-07 
      5.6678978247605703e-10 
      2.9831041182950368e-12 
      1.6572800657194649e-14 
      9.8647622959491960e-17 
      6.4056898025644126e-19 
      4.6418042047568207e-21 
      3.8681701706306841e-23 
      3.8681701706306839e-25 
      4.9591925264495945e-27 
      9.1836898637955460e-29 
      3.2798892370698385e-30 
      1.0000000000000000e+00 
      4.1666666666666666e-03 
      1.7507002801120447e-05 
      7.4816251286839525e-08 
      3.2814145301245403e-10 
      1.4915520591475184e-12 
      7.1026288530834208e-15 
      3.5871862894360714e-17 
      1.9495577659978646e-19 
      1.1604510511892054e-21 
      7.7363403412613677e-24 
      5.9510310317395136e-26 
      5.5102139182773274e-28 
      6.5597784741396769e-30 
      1.1309962886447718e-31 
      3.7699876288159061e-33 
      1.0000000000000000e+00 
      3.6764705882352941e-03 
      1.3616557734204793e-05 
      5.1190066669942834e-08 
      1.9688487180747244e-10 
      7.8128917383917633e-13 
      3.2284676604924640e-15 
      1.4036815915184625e-17 
      6.4985258866595489e-20 
      3.2492629433297747e-22 
      1.7853093095218542e-24 
      1.1020427836554655e-26 
      7.8717341689676112e-29 
      6.7859777318686308e-31 
      7.5399752576318121e-33 
      1.2161250415535181e-34 
      3.8003907548547441e-36 
      1.0000000000000000e+00 
      3.2679738562091504e-03 
      1.0749914000687994e-05 
      3.5833046668959982e-08 
      1.2188111111891150e-10 
      4.2615773118500526e-13 
      1.5440497506703089e-15 
      5.8486732979935948e-18 
      2.3394693191974376e-20 
      9.9977321333223830e-23 
      4.6285796913529549e-25 
      2.3615202506902836e-27 
      1.3571955463737261e-29 
      9.0479703091581740e-32 
      7.2967502493211082e-34 
      7.6007815097094882e-36 
      1.1516335620771951e-37 
      3.3871575355211618e-39 
      1.0000000000000000e+00 
      2.9239766081871343e-03 
      8.5999312005503954e-06 
      2.5595033334971417e-08 
      7.7560707075670950e-11 
      2.4087176110456819e-13 
      7.7202487533515444e-16 
      2.5734162511171814e-18 
      8.9979589199901445e-21 
      3.3325773777741281e-23 
      1.3224513403865587e-25 
      5.7002212947696498e-28 
      2.7143910927474523e-30 
      1.4593500498642217e-32 
      9.1209378116513853e-35 
      6.9098013724631705e-37 
      6.7743150710423236e-39 
      9.6775929586318907e-41 
      2.6882202662866367e-42 
      1.0000000000000000e+00 
      2.6315789473684210e-03 
      6.9618490671122253e-06 
      1.8614569698161030e-08 
      5.0583069831959315e-11 
      1.4050852731099812e-13 
      4.0145293517428029e-16 
      1.1877305774386991e-18 
      3.6658351155515408e-21 
      1.1902062063479029e-23 
      4.1041593322341480e-26 
      1.5200590119385732e-28 
      6.1292702094297308e-31 
      2.7362813434954155e-33 
      1.3819602744926341e-35 
      8.1291780852507894e-38 
      5.8065557751791348e-40 
      5.3764405325732733e-42 
      7.2654601791530724e-44 
      1.9119632050402823e-45 
      1.0000000000000000e+00 
      2.3809523809523812e-03 
      5.6960583276372751e-06 
      1.3758594994292934e-08 
      3.3722046554639548e-11 
      8.4305116386598861e-14 
      2.1616696509384324e-16 
      5.7187027802604030e-19 
      1.5710721923792318e-21 
      4.5145752654575627e-24 
      1.3680531107447161e-26 
      4.4130745507894062e-29 
      1.5323175523574327e-31 
      5.8042331528690633e-34 
      2.4387534255752366e-36 
      1.1613111550358270e-38 
      6.4517286390879285e-41 
      4.3592761074918434e-43 
      3.8239264100805645e-45 
      4.9024697565135435e-47 
      1.2256174391283860e-48 
      1.0000000000000000e+00 
      2.1645021645021645e-03 
      4.7054394880481834e-06 
      1.0318946245719701e-08 
      2.2930991657154890e-11 
      5.1880071622522378e-14 
      1.2009275838546848e-16 
      2.8593513901302020e-19 
      7.0427374141137981e-22 
      1.8058301061830250e-24 
      4.8543820058683465e-27 
      1.3790857971216895e-29 
      4.1790478700657253e-32 
      1.3657019183221326e-34 
      4.8775068511504736e-37 
      1.9355185917263785e-39 
      8.7185522149836865e-42 
      4.5887116920966774e-44 
      2.9414818539081261e-46 
      2.4512348782567720e-48 
      2.9893108271424051e-50 
      7.1174067312914405e-52 
