0.000000 0.000000 888.166532 0.000000
1.000000 0.000000 -0.083423 0.000000
1.000000 1.000000 -0.156981 -0.069716
2.000000 0.000000 -19.753755 0.000000
2.000000 1.000000 0.312824 -0.100925
2.000000 2.000000 9.886771 0.273296
3.000000 0.000000 11.443225 0.000000
3.000000 1.000000 -3.167428 -3.123298
3.000000 2.000000 0.580553 -0.058252
3.000000 3.000000 -4.838492 1.621267
4.000000 0.000000 25.363006 0.000000
4.000000 1.000000 -1.128299 -5.012211
4.000000 2.000000 -4.318049 2.542366
4.000000 3.000000 2.244879 -0.158936
4.000000 4.000000 4.740845 6.450033
5.000000 0.000000 -3.297058 0.000000
5.000000 1.000000 -2.142169 0.212000
5.000000 2.000000 1.937743 -4.591412
5.000000 3.000000 -2.615308 -0.026810
5.000000 4.000000 5.401606 -1.222321
5.000000 5.000000 -0.532871 -1.813239
6.000000 0.000000 -4.690641 0.000000
6.000000 1.000000 -4.353794 -0.498745
6.000000 2.000000 0.325714 -0.641478
6.000000 3.000000 -4.864831 3.879817
6.000000 4.000000 0.153157 -0.249750
6.000000 5.000000 -0.736087 2.579709
6.000000 6.000000 1.308512 -0.085581
7.000000 0.000000 1.000333 0.000000
7.000000 1.000000 -1.986532 -0.598748
7.000000 2.000000 0.656770 -0.681772
7.000000 3.000000 0.338414 0.208943
7.000000 4.000000 0.595708 0.229459
7.000000 5.000000 2.362378 -0.013698
7.000000 6.000000 -1.301500 1.083610
7.000000 7.000000 -2.682413 1.263466
8.000000 0.000000 4.301154 0.000000
8.000000 1.000000 0.552950 -1.653953
8.000000 2.000000 0.266036 -0.989366
8.000000 3.000000 -1.235870 1.397264
8.000000 4.000000 2.048170 3.616303
8.000000 5.000000 -1.678307 0.452182
8.000000 6.000000 -1.709375 1.795666
8.000000 7.000000 -2.155928 -1.566395
8.000000 8.000000 -3.287600 -0.943935
9.000000 0.000000 -0.983713 0.000000
9.000000 1.000000 -1.072333 0.199275
9.000000 2.000000 -0.413285 0.077618
9.000000 3.000000 -1.121177 0.170323
9.000000 4.000000 0.450663 0.228903
9.000000 5.000000 0.730027 0.493709
9.000000 6.000000 0.062005 -1.506529
9.000000 7.000000 -0.211621 -0.228126
9.000000 8.000000 -0.708157 -1.021781
9.000000 9.000000 -0.532022 -0.237270
10.000000 0.000000 -1.930744 0.000000
10.000000 1.000000 -1.394432 0.663609
10.000000 2.000000 0.628933 -0.916705
10.000000 3.000000 -1.118571 1.129153
10.000000 4.000000 -0.291268 0.311182
10.000000 5.000000 -0.358069 -1.012990
10.000000 6.000000 0.688516 -0.173174
10.000000 7.000000 -0.231194 0.763836
10.000000 8.000000 0.180494 -0.198745
10.000000 9.000000 1.338602 -0.339740
10.000000 10.000000 -0.502771 0.024207
11.000000 0.000000 1.246000 0.000000
11.000000 1.000000 0.258069 -0.280756
11.000000 2.000000 -0.548157 0.442069
11.000000 3.000000 -0.507436 0.104863
11.000000 4.000000 0.000136 -0.265610
11.000000 5.000000 0.131652 0.052355
11.000000 6.000000 0.422336 0.459303
11.000000 7.000000 0.035816 -0.146345
11.000000 8.000000 0.373875 0.509085
11.000000 9.000000 0.877052 0.202788
11.000000 10.000000 0.089036 -0.186799
11.000000 11.000000 -0.103044 -0.022885
12.000000 0.000000 1.824320 0.000000
12.000000 1.000000 -0.093158 -0.634458
12.000000 2.000000 -0.700897 0.382131
12.000000 3.000000 -0.224216 0.069841
12.000000 4.000000 0.485792 0.856177
12.000000 5.000000 0.628924 -0.212792
12.000000 6.000000 -0.710512 -0.183143
12.000000 7.000000 -0.785842 -0.154494
12.000000 8.000000 -0.402755 -0.377252
12.000000 9.000000 -0.269708 -0.487533
12.000000 10.000000 -0.709063 -0.657655
12.000000 11.000000 -0.166502 -1.155722
12.000000 12.000000 0.411493 0.436230
13.000000 0.000000 -0.964468 0.000000
13.000000 1.000000 -1.053791 0.228374
13.000000 2.000000 -0.057371 0.403560
13.000000 3.000000 -0.143423 -0.494133
13.000000 4.000000 0.846957 0.280034
13.000000 5.000000 -0.705935 -0.668789
13.000000 6.000000 0.937148 -0.455388
13.000000 7.000000 -0.172119 0.145400
13.000000 8.000000 0.633869 0.405200
13.000000 9.000000 0.424261 -0.423672
13.000000 10.000000 0.435328 -0.368671
13.000000 11.000000 -0.648444 -0.622056
13.000000 12.000000 -0.048056 0.454291
13.000000 13.000000 0.136269 -0.684509
14.000000 0.000000 -1.647158 0.000000
14.000000 1.000000 -0.106372 0.378739
14.000000 2.000000 0.721882 -0.365378
14.000000 3.000000 -0.164285 0.557569
14.000000 4.000000 -0.822790 -0.450189
14.000000 5.000000 0.066361 0.053757
14.000000 6.000000 0.414789 -0.423142
14.000000 7.000000 0.444863 0.463206
14.000000 8.000000 0.323092 -0.561428
14.000000 9.000000 0.971814 -0.161768
14.000000 10.000000 -0.033330 0.007668
14.000000 11.000000 -0.075371 0.017418
14.000000 12.000000 -0.227663 -0.599896
14.000000 13.000000 -0.069335 -0.008535
14.000000 14.000000 -0.287949 0.214353
15.000000 0.000000 0.351796 0.000000
15.000000 1.000000 0.233306 -0.162422
15.000000 2.000000 -0.663470 -0.006982
15.000000 3.000000 -0.383899 0.191846
15.000000 4.000000 -0.023048 0.224731
15.000000 5.000000 0.306522 -0.356661
15.000000 6.000000 0.362639 0.308179
15.000000 7.000000 -0.172312 -0.018655
15.000000 8.000000 0.378410 -0.089232
15.000000 9.000000 0.470805 0.138065
15.000000 10.000000 -0.186737 0.067969
15.000000 11.000000 -0.730866 0.129819
15.000000 12.000000 0.201142 0.133938
15.000000 13.000000 0.010083 0.515768
15.000000 14.000000 -0.309492 0.454153
15.000000 15.000000 -0.408970 -0.523515
16.000000 0.000000 0.781481 0.000000
16.000000 1.000000 -0.320909 -1.189496
16.000000 2.000000 -0.321091 -0.035990
16.000000 3.000000 0.289566 -0.085142
16.000000 4.000000 0.798633 0.106321
16.000000 5.000000 0.120946 -0.236320
16.000000 6.000000 -0.646532 -0.263040
16.000000 7.000000 -0.516268 -0.760568
16.000000 8.000000 0.407733 -0.107679
16.000000 9.000000 0.306267 -0.473757
16.000000 10.000000 -0.647341 -0.241170
16.000000 11.000000 -0.253443 -0.406771
16.000000 12.000000 0.013125 0.600352
16.000000 13.000000 -0.205624 -0.447075
16.000000 14.000000 0.190250 -0.318561
16.000000 15.000000 0.105092 -0.840865
16.000000 16.000000 -0.052469 0.533024
17.000000 0.000000 -0.735996 0.000000
17.000000 1.000000 -0.228921 0.633175
17.000000 2.000000 -0.348230 -0.056674
17.000000 3.000000 -0.289537 -0.110767
17.000000 4.000000 0.621888 -0.228576
17.000000 5.000000 -0.109140 -0.203042
17.000000 6.000000 0.223584 -0.317328
17.000000 7.000000 0.135908 0.566813
17.000000 8.000000 -0.602804 -0.548589
17.000000 9.000000 -0.646968 -0.343089
17.000000 10.000000 -0.314870 -0.503710
17.000000 11.000000 0.039000 0.223715
17.000000 12.000000 0.431411 -0.484713
17.000000 13.000000 -0.160791 -0.490113
17.000000 14.000000 -0.695114 -0.109575
17.000000 15.000000 0.205995 0.753950
17.000000 16.000000 -0.115922 0.188951
17.000000 17.000000 -0.245570 -0.136072
18.000000 0.000000 -1.220796 0.000000
18.000000 1.000000 -0.457082 0.008596
18.000000 2.000000 0.282441 0.124207
18.000000 3.000000 -0.743128 0.074259
18.000000 4.000000 0.325121 -0.088062
18.000000 5.000000 -0.025316 0.027597
18.000000 6.000000 0.241257 0.329372
18.000000 7.000000 0.167441 -0.020346
18.000000 8.000000 0.488125 0.383703
18.000000 9.000000 -0.412673 0.124157
18.000000 10.000000 -0.528665 0.211958
18.000000 11.000000 0.283992 -0.149390
18.000000 12.000000 0.037419 -0.179349
18.000000 13.000000 0.002783 0.087547
18.000000 14.000000 0.271323 0.097482
18.000000 15.000000 -0.460350 -0.112860
18.000000 16.000000 0.263207 0.155525
18.000000 17.000000 0.461317 -0.332221
18.000000 18.000000 0.128958 0.103818
19.000000 0.000000 0.484542 0.000000
19.000000 1.000000 -0.234119 -0.399764
19.000000 2.000000 0.114056 0.145345
19.000000 3.000000 0.624462 0.473423
19.000000 4.000000 -0.053445 0.187343
19.000000 5.000000 0.175203 -0.563029
19.000000 6.000000 -0.013534 0.333593
19.000000 7.000000 -0.213360 -0.351234
19.000000 8.000000 0.044847 0.032835
19.000000 9.000000 0.027823 0.573890
19.000000 10.000000 -0.049573 0.055200
19.000000 11.000000 -0.420342 0.257887
19.000000 12.000000 -0.203438 -0.112160
19.000000 13.000000 0.220698 0.038774
19.000000 14.000000 -0.144503 -0.113027
19.000000 15.000000 -0.088391 0.176444
19.000000 16.000000 -0.428002 0.378599
19.000000 17.000000 0.025138 -0.570762
19.000000 18.000000 -0.014403 -0.043192
19.000000 19.000000 -0.069468 -0.254257
20.000000 0.000000 0.418168 0.000000
20.000000 1.000000 -0.016108 -0.145996
20.000000 2.000000 -0.433894 -0.199836
20.000000 3.000000 0.262659 0.001603
20.000000 4.000000 0.450001 0.263941
20.000000 5.000000 -0.217507 -0.079723
20.000000 6.000000 0.106352 0.221297
20.000000 7.000000 -0.298628 -0.157196
20.000000 8.000000 -0.672031 0.349582
20.000000 9.000000 -0.206756 -0.264665
20.000000 10.000000 0.284247 -0.123879
20.000000 11.000000 0.018602 0.188689
20.000000 12.000000 0.037937 0.315581
20.000000 13.000000 0.292971 0.034315
20.000000 14.000000 -0.147462 0.147659
20.000000 15.000000 0.005765 0.010835
20.000000 16.000000 0.531428 0.410460
20.000000 17.000000 0.754801 -0.072917
20.000000 18.000000 0.149558 0.103317
20.000000 19.000000 0.151665 0.082805
20.000000 20.000000 -0.422673 -0.298263
21.000000 0.000000 -0.474171 0.000000
21.000000 1.000000 -0.278901 0.697982
21.000000 2.000000 0.156590 -0.268841
21.000000 3.000000 -0.531857 -0.211113
21.000000 4.000000 0.621087 -0.091408
21.000000 5.000000 -0.058419 0.003019
21.000000 6.000000 0.021331 -0.250227
21.000000 7.000000 0.099135 0.456739
21.000000 8.000000 -0.185640 -0.204298
21.000000 9.000000 -0.257964 -0.310944
21.000000 10.000000 -0.156476 0.092079
21.000000 11.000000 -0.505268 -0.103959
21.000000 12.000000 0.152976 -0.277980
21.000000 13.000000 0.110212 -0.350696
21.000000 14.000000 -0.248178 0.014717
21.000000 15.000000 -0.083094 0.004574
21.000000 16.000000 0.015174 0.085142
21.000000 17.000000 0.317574 0.025370
21.000000 18.000000 -0.475189 0.183693
21.000000 19.000000 -0.134406 0.089935
21.000000 20.000000 -0.841646 -0.164735
21.000000 21.000000 0.110827 -0.056326
22.000000 0.000000 -0.811041 0.000000
22.000000 1.000000 -0.244668 0.371957
22.000000 2.000000 0.830776 0.043130
22.000000 3.000000 -0.181401 0.072947
22.000000 4.000000 -0.018214 -0.202608
22.000000 5.000000 0.109867 0.079924
22.000000 6.000000 0.032479 0.151662
22.000000 7.000000 0.089456 0.170377
22.000000 8.000000 -0.179133 0.371277
22.000000 9.000000 0.029205 -0.144695
22.000000 10.000000 0.151361 -0.072757
22.000000 11.000000 -0.386410 0.198418
22.000000 12.000000 0.299049 -0.171230
22.000000 13.000000 -0.267041 -0.488253
22.000000 14.000000 -0.098629 -0.034579
22.000000 15.000000 0.251592 0.244439
22.000000 16.000000 0.035780 0.054313
22.000000 17.000000 0.033283 0.186813
22.000000 18.000000 -0.223901 -0.061670
22.000000 19.000000 -0.253208 0.011375
22.000000 20.000000 0.027878 0.234159
22.000000 21.000000 0.277832 0.130624
22.000000 22.000000 -0.096748 0.309377
23.000000 0.000000 0.198631 0.000000
23.000000 1.000000 0.049515 -0.209033
23.000000 2.000000 -0.226041 -0.067514
23.000000 3.000000 0.644766 -0.013596
23.000000 4.000000 -0.148249 -0.158083
23.000000 5.000000 0.125875 -0.057020
23.000000 6.000000 0.220234 0.236972
23.000000 7.000000 -0.130012 0.074734
23.000000 8.000000 0.193406 0.049161
23.000000 9.000000 -0.362550 0.138107
23.000000 10.000000 -0.362008 -0.364159
23.000000 11.000000 0.369349 -0.207212
23.000000 12.000000 0.400751 0.178138
23.000000 13.000000 0.026598 0.113114
23.000000 14.000000 -0.536980 0.307481
23.000000 15.000000 0.236192 -0.004341
23.000000 16.000000 -0.158423 0.027758
23.000000 17.000000 -0.152397 -0.139425
23.000000 18.000000 -0.121939 0.022227
23.000000 19.000000 -0.093941 -0.089734
23.000000 20.000000 -0.267201 0.129320
23.000000 21.000000 0.318507 -0.167612
23.000000 22.000000 0.184142 -0.275677
23.000000 23.000000 -0.133137 0.094337
24.000000 0.000000 0.255658 0.000000
24.000000 1.000000 0.074650 0.183543
24.000000 2.000000 -0.563827 -0.265412
24.000000 3.000000 0.145472 -0.314596
24.000000 4.000000 0.474286 0.101948
24.000000 5.000000 -0.206175 -0.078845
24.000000 6.000000 0.265503 -0.357107
24.000000 7.000000 -0.051752 -0.022033
24.000000 8.000000 -0.243682 0.117180
24.000000 9.000000 -0.164211 0.115563
24.000000 10.000000 0.104429 0.344239
24.000000 11.000000 -0.150809 -0.138001
24.000000 12.000000 -0.141624 0.200513
24.000000 13.000000 -0.376251 0.064755
24.000000 14.000000 0.530464 0.239146
24.000000 15.000000 -0.047721 0.516708
24.000000 16.000000 0.393747 -0.051586
24.000000 17.000000 0.296854 -0.005417
24.000000 18.000000 -0.204074 0.246990
24.000000 19.000000 0.016379 0.149581
24.000000 20.000000 0.060112 0.061784
24.000000 21.000000 0.245316 0.106473
24.000000 22.000000 -0.357460 -0.122631
24.000000 23.000000 -0.097912 -0.144276
24.000000 24.000000 0.026729 0.043427
25.000000 0.000000 -0.353075 0.000000
25.000000 1.000000 -0.016314 0.617062
25.000000 2.000000 0.074913 -0.092205
25.000000 3.000000 -0.692597 -0.144989
25.000000 4.000000 0.220247 -0.083881
25.000000 5.000000 0.096105 -0.003966
25.000000 6.000000 -0.096506 -0.087953
25.000000 7.000000 -0.121389 0.092128
25.000000 8.000000 0.149701 0.133495
25.000000 9.000000 -0.326726 -0.091204
25.000000 10.000000 0.130409 0.071300
25.000000 11.000000 0.178757 -0.001151
25.000000 12.000000 0.152108 0.195950
25.000000 13.000000 -0.117450 0.020722
25.000000 14.000000 -0.379777 -0.259711
25.000000 15.000000 -0.025973 -0.299453
25.000000 16.000000 0.384800 0.033107
25.000000 17.000000 0.103954 -0.205259
25.000000 18.000000 0.296965 -0.194952
25.000000 19.000000 -0.112985 -0.106195
25.000000 20.000000 -0.121012 -0.019722
25.000000 21.000000 0.043767 0.365195
25.000000 22.000000 -0.027255 0.112651
25.000000 23.000000 -0.049863 -0.219113
25.000000 24.000000 0.044964 -0.216011
25.000000 25.000000 -0.378149 0.129300
